5 3 84 1474 17668
5 7 766 100 18789 3683 84 518 17552
5 11 60 77 1365 623 2252 1346 347 872 2594 1253 4171
5 4 2919 213 2123 60
5 19 4171 1253 909 558 1932 2638 1371 540 3747 578 266 271 272 1400 55 1853 3739 449 9102
5 4 16832 16830 16845 18881
5 2 3080 16816
5 2 2751 4144
5 8 11507 11512 11514 11515 2962 11525 11526 1004
5 11 3276 9382 2624 9383 3941 9392 9394 562 9397 9396 9349
5 4 7819 7820 7799 7769
5 15 2681 7750 3993 3198 7745 3201 7745 7743 7777 7763 7765 1357 7811 7812 7929 
5 6 7750 7446 7751 2107 7757 2829 
5 4 7445 4010 7755 7756 
5 3 8516 8518 8515 
5 8 8516 8519 8469 8467 8465 8472 8476 8538 
5 71 8480 8483 219 8478 8477 8538 8439 8440 8447 8446 8449 8450 8432 8388 2383 1747 8380 3986 8379 8398 7447 8399 2406 7945 7946 7948 7949 7947 7961 7958 7951 7940 4007 7943 7931 7930 7929 7813 7814 7769 7800 7801 7802 10648 10649 2231 10650 10673 1831 10672 10671 10669 10658 10656 10660 11148 11147 11137 11128 2454 11152 371 3019 8694 2060 8693 8696 8695 3885 8584 2032 
5 7 8480 8481 8492 8494 8500 8496 7471 
5 18 8528 8527 8530 3957 8525 8526 8522 8520 8614 8611 8613 8621 8624 2102 8620 8636 8634 7500 
5 20 8527 2884 8604 8536 8537 8737 8736 8733 8732 8725 8723 8731 8727 8704 8666 8664 8659 8660 8643 2681 
5 16 8530 3952 8543 8544 8545 8438 8440 8444 8443 8426 8435 1564 8402 8413 8414 3946 
5 12 8604 8565 8564 8566 8568 8570 8595 8593 8594 8590 8585 2032 
5 11 9506 3949 8422 8421 8428 8402 1564 8407 8434 8433 8388 
5 14 8731 3973 8730 8703 8702 8707 8683 982 8682 8688 8692 8575 19196 8695 
5 13 8380 8392 8397 7796 7797 3324 2708 7789 7792 8648 8647 8662 8660 
5 10 3986 8385 8382 8369 8368 8376 9524 8355 9526 9522 
5 16 1564 8407 8404 8403 8375 8376 8351 8353 8350 3243 8338 8342 4004 8340 8335 9556 
5 23 7929 382 7934 7936 2867 2908 7952 3515 3329 7969 3995 7988 4020 7989 7985 4023 8309 2935 2873 8315 986 8336 4004 
5 17 19273 19271 8264 8265 8286 3357 8291 8289 8290 8295 8261 8294 8298 8299 2833 9246 9240  
5 8 3357 8284 8269 8273 8274 8277 9204 9202 
5 7 1787 9281 9287 9321 2508 9320 12712 
5 4 9284 9285 9291 9297 
5 3 9297 9293 867 
5 3 13676 13677 13683
5 5 9297 9294 9275 129 9274 
5 2 9284 1787 
5 12 9281 9288 9299 1290 9309 9331 638 9332 3125 9336 9344 9347 
5 15 9284 9290 9292 9300 9303 829 9302 9301 9360 3425 9363 9361 9380 2875 1292 
5 2 9347 998 
5 11 9336 9339 2834 9338 1916 9366 2689 9375 9378 9379 2875 
5 8 129 9274 9273 9264 2464 9263 9235 2879 
5 4 9202 9205 9216 380 
5 5 380 9218 9214 9264 9273 
5 6 1292 1277 9389 9407 9258 3981 
5 4 3981 9260 9262 528 
5 6 9240 9239 9238 9237 9261 528 
5 3 2879 4940 9238 
5 3 3276 9429 9430 
5 2 1292 3276 
5 7 9430 1717 9399 1448 9479 9472 2316 
5 4 9456 9457 3482 2316 
5 6 2530 9450 9442 9441 9460 9456 
5 5 2316 9481 9502 890 9506 
5 11 2316 3482 9476 9466 9467 9465 14758 2212 14759 14756 14750 
5 6 2370 9419 1781 9517 9518 9522 
5 8 2370 9421 9420 9414 3964 9413 9388 1277 
5 14 3270 9405 9437 9434 9439 9349 3118 4473 3200 13339 13340 12806 3907 12680 
5 2 3270 1717 
5 12 2530 9447 9454 1262 12810 12809 12704 12703 12687 898 2000 12881 
5 4 998 9348 9346 779  
5 8 9388 9406 9409 9410 9549 9533 9546 81 
5 8 81 9544 9534 9532 9531 8346 8345 3243 
5 5 9532 9528 8352 9527 9522 
5 3 9522 9511 3946 
5 3 9518 9515 9516 
5 6 9516 2046 9505 9502 9481 2316 
5 4 8515 86 7460 7618 
5 20 8065 8058 3455 8057 8042 8048 3184 8047 8039 8040 1256 8037 8026 8031 8032 8030 8006 8003 8005 7992 
5 5 8005 8000 7999 7998 7996
5 15 7996 7994 8085 8083 8093 8094 1814 8099 8101 8107 10548 10564 10566 10553 10561 
5 14 7996 7997 1711 2552 7856 7892 7893 7894 7904 7898 7905 8237 8236 2343 
5 26 8264 8209 8207 8211 8227 8226 8225 8231 2970 8215 8250 8246 2343 8255 8241 8240 3048 7909 7903 7868 1967 4047 7875 4030 7925 3300 
5 2 8224 8225 
5 3 8225 3452 8215 
5 7 8290 8288 8287 2460 8222 8208 8207 
5 6 8208 8229 4063 8218 2737 8217
5 8 8294 8296 8257 8249 4055 8253 8254 2343 
5 5 8257 809 8217 8252 8250 
5 12 3048 7907 4034 8320 8319 4003 8318 8317 7978 7982 7987 4023 
5 13 3243 8349 4869 2891 986 8302 8362 8361 2938 7990 7960 4005 8399 
5 2 7990 4020 
5 3 7960 3298 7961 
5 8 7960 7959 7970 7971 7955 3515 7968 7966 
5 7 7982 7980 4028 7967 1523 4012 2867 
5 5 1523 7974 4033 3300 382 
5 13 3300 7923 7924 7912 7913 7918 4056 1968 7842 4080 3456 8100 1814
5 6 7893 689 7853 7844 7843 7842 
5 2 7745 7779 
5 7 7811 7767 7766 7764 7760 7758 7755 
5 2 7758 4010 
5 3 7801 2714 7758 
5 3 7755 7756 7801 
5 4 7801 4032 7804 642 
5 2 4010 7757 
5 2 2829 10649 
5 6 7868 7867 7877 7876 7874 7912 
5 11 7912 7917 7916 4048 7829 1898 7822 7823 7819 7816 7814 
5 2 4049 7822 
5 4 7819 7818 3422 7920 
5 5 7822 7826 1919 190 10561 
5 3 7814 3304 7811 
5 4 8318 7870 2966 7871 
5 2 7967 3354 
5 2 7952 7951 
5 3 3826 11509 3367 
5 5 3367 11517 2664 19336 3403 
5 4 11496 11492 11491 11490 
5 3 11490 11508 3367 
5 8 1004 3403 11527 11520 11502 11500 11501 11496 
5 4 3367 11507 11506 11505 
5 2 11490 11506 
5 3 10482 10497 10506 
5 7 10506 10503 10501 10500 10520 10522 3770 
5 4 10519 10521 2976 10530 
5 5 3770 10519 10534 10536 15543 
5 9 3770 10519 10532 3271 10517 14516 14517 14519 14528 
5 5 7449 11569 1948 11570 2591 
5 7 1004 11592 11591 11593 11598 11580 7452 
5 7 7452 11571 11551 11555 11552 11553 7449 
5 7 7449 11567 11564 11565 1741 11644 7450 
5 3 7450 6196 11669 
5 6 11505 11981 11985 11986 11987 7458 
5 12 7450 4666 3808 11639 11633 11632 11655 11621 11619 3345 11615 7458 
5 15 11501 3829 11495 10325 2723 10330 10334 10335 10329 10236 10357 10356 10403 18771 10235 
5 6 10235 10405 10414 10378 10445 10450 
5 4 10450 10448 1318 10447 
5 10 10447 10446 10444 10435 10512 1220 14515 14514 14518 14528 
5 6 10235 10401 10385 10384 10380 10392 
5 12 10392 10393 10306 3485 7608 7614 7611 7609 7606 7603 7467 7471 
5 3 7606 7466 7465 
5 9 7465 7485 1016 8490 590 8629 8628 992 8611 
5 6 7618 7622 7623 7649 7640 7463 
5 14 7463 7642 7648 2128 7670 7740 7734 7724 7728 7727 7729 14754 591 14750 
5 9 7514 7510 7509 7507 7505 7495 7461 7494 7500 
5 9 7514 7516 1655 12076 12077 12069 12059 12067 12055 
5 6 10234 10241 10280 10286 10254 509 
5 6 12063 12066 10264 10263 10262 509 
5 11 7458 2730 11998 11997 11996 1974 12041 125 4430 3358 12055 
5 10 7458 11988 11990 11992 12007 12002 12003 12004 7456 2947 
5 8 12131 12132 470 12129 12127 12050 12051 2947 
5 5 12051 12106 12123 12126 7457 
5 2 12126 12129 
5 4 7457 12124 12136 12137 
5 13 12137 5222 5465 98 7047 5778 7052 3894 6069 16859 16857 16863 3906 
5 3 470 12025 12026 
5 8 2736 1584 11695 11685 11687 11686 11672 11673 
5 7 1355 12103 200 1444 3867 12121 12124 
5 7 8040 8034 8022 4102 8024 8020 7994 
5 23 8024 8018 8084 8089 2695 8078 8129 8130 8132 8131 8119 404 10567 10568 10569 10609 10610 10626 10629 4100 10628 10615 10549 
5 19 8099 8097 8115 8132 4103 8128 8124 8135 8156 8157 8165 1577 8162 8186 8189 8193 8197 8196 2843 
5 13 1577 8160 8161 8174 8179 8181 8183 8184 4111 10786 10792 2741 10794 
5 5 11147 11149 11150 11151 2454 
5 20 11137 11140 11134 11135 11081 11082 11077 396 11069 11070 11068 11063 1776 2495 2825 994 241 4053 3140 388 
5 60 994 7440 3016 2824 1872 3334 2221 2395 2190 3411 11111 11098 11100 11099 11096 356 11192 11196 3344 11194 11188 11187 11222 11223 11220 11214 11269 11270 11320 11322 11323 4070 11327 11326 1109 11317 12180 12181 2335 12178 1469 1809 12628 1830 12632 4026 12631 12612 12611 1484 2698 12601 3052 3978 12587 12586 3962 16761 2845 
5 3 7440 2982 2824 
5 3 11118 11117 2395 
5 22 1872 1113 4054 345 962 3520 11016 11009 11015 11011 11012 11008 10632 10619 10618 10549 10576 239 10556 10559 10560 190 
5 9 1919 10545 10602 2467 10600 1920 10584 10586 642 
5 2 10585 10586 
5 3 1920 10582 10579 
5 11 10586 10590 11031 11034 11030 11029 11038 1836 11042 11036 3140 
5 12 4100 10624 10623 10642 2523 10644 2491 10645 11010 11013 11014 11009 
5 28 2523 10643 10636 10630 10635 10790 10794 10772 10771 10769 10770 10760 10755 2120 10763 10731 4120 10733 10732 10714 10720 4127 10722 10724 948 10686 10681 2287 
5 21 10727 4120 10726 10838 1479 10837 261 10845 1526 10856 10855 10863 11001 10862 10877 2332 10875 10876 10907 10911 10897
5 26 10897 10900 4123 10904 10902 10927 874 10932 2902 10937 10936 10962 10961 2494 11282 11280 11279 11285 11292 11291 11293 4095 11287 3225 11324 11323 
5 13 11322 11321 11308 11309 11305 11306 11258 11260 11250 2531 11242 11245 1820 
5 11 10936 10935 2186 10965 10995 11000 10992 10973 10971 10969 12144 
5 10 10890 10888 10889 10892 1320 10944 10946 10945 10947 10950
5 3 10890 10899 10900 
5 4 10951 10952 10959 2278 
5 2 10950 10952 
5 2 10999 11000 
5 6 10590 10587 10593 10591 1768 2747
5 2 2747 10619 
5 2 11223 11218
5 8 1776 1252 4051 351 3250 2329 2772 11100 
5 48 12586 12592 2740 12590 12570 12571 12567 2570 12568 12551 794 12547 1536 12548 12546 12538 12536 12539 12534 661 12531 12530 12490 12491 12497 12494 2549 12492 1955 12446 4045 4064 12423 12425 12429 12404 2104 12411 912 12417 12412 12415 12401 12418 12420 1036 743 625
5 5 12417 12414 4097 2333 1087
5 2 12415 12412 
5 12 4064 12431 851 12457 2703 1812 12455 12454 12451 12470 12468 9191
5 6 12470 2929 2426 1481 317 2074
5 2 2929 9191 
5 4 2929 2918 878 979
5 3 878 1387 572
5 32 2549 12495 12517 12510 12519 12520 12513 12341 12346 12351 3278 12350 12337 12354 12355 12315 921 12308 12312 12307 3474 12305 12303 12302 12301 1370 631 12150 12154 1840 13941 12144 
5 14 1840 12152 4107 12189 12191 12192 1610 12193 1938 12201 4118 12226 12234 216 
5 6 1962 12245 12244 12241 12240 216 
5 8 12251 12248 1091 12250 12270 12275 2634 1087
5 6 2333 107 2095 625 3420 2074
5 12 3278 12353 12349 12345 12358 12357 12295 12292 12288 12289 12286 1469 
5 16 12353 12347 12342 12364 12361 12363 12647 2860 12644 12646 12637 3237 12595 12594 12596 3052 
5 11 12608 1484 12609 12602 12639 12595 12638 12561 12564 12549 12547 
5 4 12547 12553 12554 12560 
5 6 1209 12578 12576 3948 1033 12571
5 9 7449 2557 11539 11537 10541 10544 10543 3132 10522 
5 2 2736 12026 
5 5 10482 10478 10477 11586 1004 
5 6 9442 9440 9435 9402 3929 1448 
5 7 9274 3990 9270 9250 1003 9251 1612 
5 5 9202 9224 9223 9222 9228 
5 5 9204 9206 4061 9208 19288 
5 3 8269 8272 8262 
5 25 10235 10402 7665 7464 7671 7684 7682 14249 1423 14250 14608 14609 14613 14611 14593 13766 13765 13769 13773 13775 2814 14661 2319 14656 14646 
5 14 12713 12719 6061 1934 12752 12736 6761 12721 12730 1385 4025 12738 12740 12741
5 7 6761 5492 1657 353 12743 12749 12818 
5 10 12736 6761 995 12726 12754 3997 12728 12733 12734 12755 
5 32 12752 12751 12735 12879 3968 2934 3979 3956 3228 2580 12835 12837 1167 16980 16985 16979 16982 12854 4922 12853 12863 12864 12944 12865 12916 12912 150 12901 12900 3314 12801 12789
5 5 12837 12850 12849 12839 1896 
5 4 12850 12841 12842 13164 
5 10 12809 4904 2979 12697 12696 2569 13720 1589 14768 14750 
5 27 14750 14751 14752 2198 14746 14735 14736 14726 2601 14703 14702 14701 14699 14646 14654 2915 14651 14650 14635 14633 14627 13719 13729 13715 13713 13701 13752 
5 18 14699 14700 14681 14679 1901 797 14710 14713 3170 3896 12702 12883 3887 12698 9436 12701 12690 12703 
5 22 12698 12969 12972 12971 12973 3855 939 12974 12976 12977 13783 13790 13789 13793 2880 13837 13841 2853 13726 13700 13738 13752 
5 8 13848 13849 14686 14689 14694 3841 14684 14699 
5 6 13752 13704 13734 13747 13684 13683 
5 5 13752 13697 13686 13685 13727 
5 9 13734 13735 13733 1761 13589 3796 13585 13581 13569 
5 26 2742 5998 13347 13348 13350 13405 3753 13413 13414 13418 13420 2820 13540 13539 13543 13545 13546 13552 13551 13567 14813 3807 14836 14835 13755 916 
5 17 13735 13737 13730 13731 13888 13887 13885 13870 13864 3814 13863 14800 14799 2432 14793 13756 916 
5 14 14793 14796 14794 13858 13872 13876 13877 13879 13880 13832 13829 13828 13794 13792 
5 10 13829 13824 13822 13821 13819 13812 13810 13803 13798 13796 
5 11 13796 13800 2786 13807 13806 14791 3821 14789 14786 13758 916 
5 6 13796 13798 12981 12982 12983 12985 
5 26 13676 13745 13666 13662 3006 13669 13675 245 13594 13591 3424 13345 13343 2421 13349 13348 13382 13379 13378 13406 13448 13447 13426 13427 13429 2620 
5 4 13358 13357 13346 13345 
5 8 12853 12888 2428 12886 3933 12823 1243 12885 
5 16 12713 12715 12877 12710 3954 6580 12671 12665 12669 4778 12667 12814 12686 2171 12684 12773 
5 14 12886 12892 12894 12896 738 12908 12909 12906 12902 2733 12685 12778 12781 12782
5 8 1243 1009 2430 5401 3963 1362 4293 12713 
5 14 12853 2317 12858 12860 12857 1570 13114 952 2471 13099 13098 7444 7443 7441 
5 7 2302 2540 13140 13137 7441 7442 7443 
5 2 2944 2540 
5 26 7443 7152 13133 2755 521 13035 13033 13039 6718 13070 13071 13069 2129 13043 3392 13042 1965 13052 13073 1832 13076 3835 18295 18294 18292 16232 
5 4 13039 13038 13023 3043 
5 13 7444 7443 13135 13134 13131 13129 2906 3871 13124 13328 13329 13334 13330 
5 3 3871 13089 3186 
5 15 13134 13131 13129 785 13128 13126 13248 13252 13245 2773 13258 13265 13267 13270 1079 
5 12 7444 2532 13097 13102 13095 12927 12926 3895 12923 12921 12920 12797 
5 2 2177 13164 
5 4 3006 13661 13667 72 
5 14 13505 13512 13506 13513 13488 13527 13528 13526 13531 2604 13895 13896 13897 13727 
5 4 13526 13532 13533 14236 
5 4 13526 13531 13530 3760 
5 8 13505 13512 13511 13520 3724 13519 15669 15668 
5 7 13512 13507 3722 13509 13502 951 13501 
5 11 14236 14241 14239 14246 14386 14384 14399 14419 14426 14421 13695 
5 3 13358 13398 13399 
5 11 13399 13397 13369 13370 3736 2871 13363 13365 4733 13388 2742 
5 7 13399 13402 13471 13477 13480 620 3760 
5 12 13505 3726 13510 907 13492 1666 13472 13476 13470 3732 13395 13369 
5 6 13540 13574 13576 13577 488 13569 
5 2 13848 13793 
5 2 2880 13793 
5 2 13792 13793 
5 25 13388 13387 13440 13441 13444 3115 13614 13618 13603 13609 13610 13924 13914 13916 13912 13922 13926 14036 14013 14033 14039 14040 14012 14035 897 
5 4 13440 13375 13376 3728 
5 4 897 14089 14086 14077 
5 18 2742 13389 13386 13384 13453 2605 13446 6849 378 13652 13653 13654 15164 15160 15161 15162 15151 15136 
5 4 3736 13391 13393 1867 
5 4 13393 3729 13396 13395 
5 6 15668 2684 15654 15658 15659 2429 
5 17 15606 15607 15608 3678 15630 3669 14962 14956 3661 14954 14955 14869 14431 14415 14411 14410 14405 
5 8 15607 15621 15622 15625 15388 15389 14770 14772 
5 15 14772 14771 2521 15391 15394 15604 15605 15482 15486 15592 15591 3388 2069 15329 15328 
5 3 15605 15481 15483 
5 12 15328 15331 15332 15578 15576 15577 15574 15559 3366 15551 15543 10536 
5 15 13695 13776 14460 2070 14463 14465 14490 14504 14496 14492 14493 14506 14508 14509 14528 
5 3 14460 2070 14461 
5 9 14077 14079 14087 14088 14182 14199 1111 3640 14195 
5 16 14195 3310 14931 14933 14935 14936 14934 14937 14949 14948 14876 2963 14407 14406 14404 14405 
5 5 14450 14446 14444 14441 14404 
5 24 14415 14414 14413 14440 3648 14443 14441 2285 14974 14970 14971 15314 15313 15312 15308 15304 15309 15310 247 3610 3207 15354 15338 15327 
5 12 15327 2387 15871 15816 15819 3582 15824 15827 15829 15837 15832 1182 
5 2 15304 15303 
5 6 13926 13985 13986 13984 13982 13943 
5 9 13943 619 13980 13978 13976 14006 14005 13992 14002 
5 4 14002 15249 15250 15243 
5 6 15243 15256 15257 15263 1080 14934 
5 7 15243 15245 13997 13996 13995 13993 13990 
5 9 13990 15420 15434 15423 15419 1140 13503 13508 3722 
5 9 15051 15052 15073 15077 13931 13932 13927 13925 13912 
5 8 13993 13989 13998 13965 13966 13968 13971 13943 
5 18 14071 14072 14074 14100 14090 14095 14098 14096 14097 2840 14229 14228 3612 14215 14210 14207 14208 726 
5 15 14077 14078 14118 14116 14122 14124 14123 14127 14143 14139 14148 14157 14161 14164 14166 
5 8 14100 15010 15011 14106 15017 2256 15018 15006 
5 7 15143 15142 15065 15064 2904 15063 918 
5 2 918 15028 
5 18 13654 13655 13649 15157 15156 1980 15154 15120 15150 15121 15123 3513 15119 15116 15115 15098 15101 15096 
5 11 15101 3065 15105 15104 15103 15222 15219 3440 15218 15216 15210 
5 8 15006 15044 15038 15036 15037 15033 15031 918 
5 6 1867 13458 13457 13466 13465 13953 
5 5 13501 13497 13494 13493 13953 
5 8 13953 13950 13949 13946 13945 3700 13987 13982 
5 15 2354 15174 15175 15179 15177 15225 15226 3752 15228 15223 15215 15210 15211 18089 16343 
5 9 3753 13408 13416 13417 13424 13434 13436 2802 15206 
5 12 15198 3771 15183 15189 2803 14915 14912 14911 14910 665 14895 14892 
5 3 14901 3787 14866 
5 8 14895 14843 3406 14855 14853 14850 15212 15210 
5 3 3406 14856 14847 
5 3 14100 15010 15047 
5 5 14100 14105 14101 2380 14102  
5 11 3469 14902 14903 1598 14838 14840 14828 14825 14787 13759 916 
5 9 16431 16429 16418 16419 16417 11366 16413 16412 2968 
5 10 2968 16398 16397 11365 16396 16395 16394 11364 16393 16392 
5 3 16431 16433 16427 
5 2 15606 15610 
5 2 15653 601 
5 9 15610 3408 15612 15613 15615 2111 15638 15640 14475 
5 7 14475 14522 14521 14520 14523 14524 14528 
5 9 2429 15660 15397 15662 15661 15410 15428 3120 15426 
5 4 14956 14957 14433 14437 
5 8 14437 14951 14950 2303 14965 15384 15386 15389 
5 4 14772 14773 14775 14779 
5 5 14779 15464 15478 15477 15734 
5 5 14779 14780 14781 15459 3658 
5 5 15464 15471 15473 15472 15456 
5 4 15734 3639 1160 15730 
5 6 15730 15728 2974 15763 15766 15765 
5 7 2974 15707 15705 15704 15702 15688 3343 
5 4 15322 15321 2779 3610 
5 6 3610 15357 15356 15353 15348 15346 
5 7 15256 15260 15261 15262 15268 15269 957 
5 5 14869 14868 14867 14873 957 
5 5 15456 15472 685 15732 15734 
5 9 15456 15468 15450 15445 14926 14928 3653 3255 14450 
5 10 15456 15469 15444 15443 15441 15696 1663 15685 15687 3343 
5 7 15763 15768 2482 15761 15757 6533 15774 
5 4 15789 2086 15780 15779 
5 10 15789 5045 2669 15790 15791 15807 15800 15806 15805 2559 
5 12 15519 15518 15528 15522 15521 15524 15523 15497 891 3676 15493 15490 
5 2 15476 15464 
5 17 14937 14944 14943 14942 15278 15279 15285 15289 15293 583 15295 15299 1416 3183 16706 16699 423 
5 4 15374 14989 15003 15000 
5 4 15000 16710 16704 423 
5 11 15003 14999 1122 14994 14993 14992 14991 14984 14987 14982 14972 
5 9 14974 2597 14977 14973 15315 3102 196 15362 15359 
5 6 15359 15358 15360 15352 15340 247 
5 5 15359 15371 15372 499 15374 
5 6 15359 2224 15377 15378 1363 15380 
5 4 15702 15689 1295 15693 
5 3 15346 15342 15378 
5 2 2694 8961
5 18 2032 8584 8588 8586 3153 1175 3157 2391 3703 7073 7064 2751 16883 16884 16886 16868 16866 3943 
5 7 2391 3130 1163 314 1698 58 8695 
5 9 3703 1043 1800 7032 1565 7039 5540 4395 1804 
5 21 16886 16868 19216 16869 16872 16870 3262 16870 16871 3275 16888 16890 16893 2950 16900 2263 16851 16854 16864 3906 1532 
5 3 3262 19218 16866 
5 5 1366 6653 5127 6670 5398
5 25 3906 16860 16846 788 3921 16837 3914 16842 16843 16831 16829 16832 16817 3080 16827 2134 16821 16805 16808 249 16783 16782 3950 16762 2845 
5 28 11152 1127 2436 1927 1373 1521 1084 644 460 1483 4125 14364 14363 16923 16920 18956 1382 14333 14325 3459 14329 16754 3210 16747 1751 16740 16738 16739
5 6 3210 16753 16748 16736 3982 12608 
5 6 16748 16735 16734 3972 16769 3978 
5 8 644 3415 1833 2286 2550 16909 422 3943 
5 6 3943 16912 16910 16914 14362 14363 
5 3 14362 166 14364 
5 8 14364 14352 14347 14348 14354 14290 14288 3027 
5 2 1736 6128
5 2 14450 14437 
5 2 14771 14777 
5 2 15322 3343 
5 7 2748 9645 9649 9650 1851 9576 9602 
5 2 533 9576 
5 13 9602 9606 9601 9963 9596 9594 9595 9597 3370 9978 9600 9590 483 
5 19 9602 9606 9604 9632 1093 9627 9615 3690 1173 9750 9579 9760 9761 9764 9763 9566 19346 9571 9574 
5 5 9632 9631 3696 9608 9594 
5 21 9571 3209 9573 11734 11740 11742 11736 11704 11707 11703 11714 10184 3615 10209 10207 10098 10097 10154 10149 10123 10090 
5 17 9566 9568 9565 9569 11721 11720 11731 11746 11749 11751 11779 11780 11771 11776 11783 11784 65 
5 2 11802 11776 
5 27 11802 2627 11804 11811 11817 3376 11815 11813 11841 920 11845 11871 2651 949 11877 11878 2364 11913 11926 11928 73 11923 11909 11975 11979 11896 11898 
5 7 73 11928 11914 11930 11931 11934 11932 
5 11 9568 9564 3643 9582 9767 9587 9852 9860 1397 9593 3646 
5 2 9571 9574 
5 17 9571 9829 9828 9826 9740 9721 9720 9731 9814 2163 9810 9791 2214 9795 9797 9799 9798 
5 13 9814 9813 9812 1278 9808 1388 9872 9876 9897 9901 9942 9944 9943 
5 7 9942 9939 9925 9912 9920 9917 9918 
5 20 15693 15900 15905 2762 3586 15915 15914 15913 15923 15932 15930 15948 15947 7042 15955 15956 15959 15962 11360 430 
5 2 15904 3586 
5 3 15914 3588 15918 
5 6 15932 15924 15922 15916 15917 15918 
5 4 15948 11361 15966 15965 
5 5 15955 15954 810 2844 1182 
5 3 15871 15814 15851 
5 3 15825 15820 15824 
5 3 15835 15834 1182 
5 3 15835 15833 1182 
5 3 15840 2925 15833 
5 4 161 15847 15848 15840 
5 4 15859 15860 15845 161 
5 3 15895 15861 15859 
5 3 2259 15896 15895 
5 3 16733 574 2259 
5 4 177 16161 16159 16733 
5 4 177 16713 1281 16704 
5 4 16166 16716 16701 1281 
5 5 16662 16661 16660 16673 1894 
5 4 1894 16679 16678 16699 
5 3 16685 1437 91
5 3 91 16683 16679 
5 2 16726 16166 
5 4 16204 16723 16724 16726 
5 3 16187 3480 16204 
5 4 16173 16182 16181 16187 
5 8 16173 16188 16212 16199 16198 16165 574 15380 
5 2 2291 16199 
5 5 2291 16210 16201 16730 177 
5 4 16159 16171 15380 1363 
5 3 16104 16174 16173 
5 3 16088 1053 16104 
5 4 16085 3060 16089 16088 
5 5 15996 15997 16009 16005 16085 
5 4 3543 15993 15992 15996 
5 2 11338 16009 
5 8 16085 16081 16082 2637 7434 11347 2323 11346 
5 2 2637 7431 
5 4 7429 11334 5155 3539 
5 6 16009 11338 11337 2251 3539 5155
5 2 16015 15834 
5 4 3543 15989 61 16015 
5 3 5155 15986 3543 
5 2 5155 11330
5 4 16081 11340 7431 5102
5 4 11358 7432 11353 7433 
5 5 16430 658 16441 16426 16427 
5 6 2089 16142 16453 13692 16456 16430 
5 8 16151 16150 16158 16148 3528 16145 16144 2089 
5 6 16389 16379 16376 2503 16146 16145 
5 2 16388 16389 
5 4 16388 16387 2355 16385 
5 5 16385 16383 13750 16902 16441 
5 3 16140 1925 2089 
5 8 2089 16142 1961 3800 16454 16455 2079 16123 
5 5 16094 16114 3541 16115 16123 
5 3 1053 16093 16094 
5 2 16094 16089 
5 14 2089 16138 16137 16136 16537 16536 3177 16531 16527 16516 16513 1987 6034 3504 
5 7 5576 16503 16504 16521 16520 16511 3504 
5 3 16562 6140 3504 
5 6 16570 16567 16568 16560 16561 16562 
5 8 16588 16589 16584 16591 16581 531 16572 16570 
5 4 17038 17040 16586 16588 
5 12 16187 16184 16626 16627 16614 16607 16605 17134 16600 16601 16573 16572 
5 4 16563 16509 16528 3504 
5 5 1085 1509 2199 16564 16563 
5 5 3553 622 3178 2266 1085 
5 11 16078 1188 3050 16962 3239 16968 3439 2912 21 2266 1085 
5 4 17000 3551 16068 16078 
5 8 5532 2067 17002 2168 16991 16993 16994 3551 
5 7 2898 17102 17101 16998 17099 16069 16078 
5 8 5532 2067 17116 3037 2842 248 17106 2898 
5 11 2639 17062 17067 17071 2117 17070 17084 17092 17096 17102 2898 
5 5 17036 17044 17073 17046 2639 
5 3 2639 17049 726 
5 3 17048 17082 2639 
5 20 17563 17572 3058 17770 17771 17768 17762 17755 18006 16355 16353 18017 16350 16349 18027 2941 206 18086 18090 16343 
5 5 16222 16264 16260 18171 18174 
5 10 16222 16264 18179 16254 18178 18177 18181 16252 18183 18184 
5 5 18184 16251 18186 18247 370 
5 3 370 18246 23 
5 11 370 18222 18201 18200 16246 16249 18215 1312 18000 16322 17993 
5 16 23 16240 18253 235 18264 18261 13325 13326 13321 1079 13318 13315 2385 13308 13305 374 
5 7 23 18242 18233 18234 18225 18212 18209 
5 5 23 18238 18270 16241 16219 
5 9 16219 1547 16225 18285 16227 236 18290 18300 13330 
5 4 16232 16228 1547 16219 
5 4 235 18260 18258 16237 
5 5 16219 16221 18268 18267 235 
5 12 17993 17994 16332 2389 17982 16326 17983 17989 16328 3783 18170 18174 
5 4 18174 16263 18112 18098 
5 8 16222 17956 17951 16261 16297 18124 16298 16293 
5 10 16293 18303 16299 16276 16275 16277 13059 3833 13044 13042 
5 3 18096 16317 18097 
5 2 18096 18098 
5 6 18096 18099 18101 16318 18104 18108 
5 4 18108 18106 16344 16343 
5 13 17572 2819 17544 17747 17765 17766 17965 17971 17976 17973 17972 16319 18170 
5 11 17563 17566 17579 17578 3011 17584 17588 17595 17668 17669 16356 
5 6 17563 17567 17564 17555 17553 17552 
5 5 17563 17574 17582 17600 17599 
5 6 17599 17610 17615 17613 17716 17714 
5 9 17714 17721 17732 17737 1944 3721 18031 18043 18029 
5 13 18029 18036 1100 18018 18016 16352 18009 18011 17735 17734 17754 17761 17755 
5 9 18029 18035 18034 18032 18059 18058 18091 1668 16343 
5 8 18029 18043 18030 2817 1056 2350 3437 17913 
5 6 17913 3437 2572 17914 17917 15096 
5 11 3437 17913 17928 17912 17935 17934 17944 2663 17942 16372 17945 
5 15 16356 18074 16359 18075 16357 18082 16360 18083 18081 16361 1351 17941 16289 17946 17945 
5 14 17945 1506 16362 3193 17904 17879 3686 17880 780 17876 1119 17883 17882 15028 
5 11 15028 15027 17881 17832 17831 17846 17444 17441 17439 17431 17420 
5 15 17420 17640 17421 17637 17633 17630 17620 17621 17628 17627 17625 16029 16030 16031 16037
5 9 17804 17798 3359 17792 17793 17776 17774 18072 16356 
5 20 17804 17805 381 17525 2375 17520 17505 17506 17507 16033 16035 16034 2852 16049 16048 16046 3312 16052 17410 3604 
5 7 16356 2346 18073 17773 17777 17791 17780 
5 8 18029 18035 18034 18045 18050 18049 18048 17917 
5 14 13062 3392 13054 6017 13055 16279 18140 18145 18146 2760 14829 14788 13754 916 
5 12 16048 16047 16041 16043 16045 16062 16061 16059 16066 2567 17387 17389 
5 2 17406 2567 
5 5 16035 16039 16037 942 16032 
5 5 17456 17461 17488 17489 16032 
5 10 2787 17199 17198 3577 17468 17467 2847 2977 17484 17456 
5 12 17468 17466 17191 17192 17209 17210 17208 17214 3356 17215 1235 17217 
5 6 17620 3078 1930 17823 17822 17812 
5 5 329 17851 17848 17814 17812 
5 2 17867 329 
5 5 17620 17629 17650 17647 17657 
5 7 17657 17655 17656 17248 17247 3599 17256 
5 5 17264 17265 17266 17255 17256 
5 6 2898 17108 17109 17272 152 17264 
5 5 17457 17474 17482 17483 17484 
5 8 17457 3584 17471 2158 17176 17172 17167 17166 
5 6 17139 17140 17141 17201 17163 17166 
5 6 5532 17004 17007 3550 17142 17139 
5 17 3599 17250 17301 17302 17341 17323 17295 18594 17335 17337 17336 17055 17059 2248 3155 17063 2639 
5 15 17335 1029 17330 17328 17343 17345 17316 401 315 17433 17432 3169 17428 17429 17420 
5 12 17629 17650 17646 17645 17644 17643 17425 17426 17419 17417 17318 401 
5 4 17352 17346 17317 401 
5 5 79 17372 17371 17356 17352 
5 3 79 17368 14102 
5 4 2852 16040 16042 16048 
5 2 16060 16062 
5 3 14901 14900 14892 
5 2 15198 15206 
5 3 2354 13430 2620 
5 2 14071 14077 
5 4 11330 4262 11332 11342 
5 12 4262 11335 5233 5102 5016 11345 4603 6368 11354 11346 11352 11353 
5 5 15965 5306 636 4889 5182 
5 3 7429 11343 11331
5 2 5182 5907 
5 7 8901 8912 8919 8907 5515 4759 8896 
5 4 2975 350 8914 3928
5 2 4759 6279 
5 5 6279 5834 8941 2519 8961 
5 2 8961 8966 
5 2 8961 8968 
5 9 8968 8969 8970 8995 234 9017 9079 9085 9091 
5 6 9091 9080 3797 9067 9058 9066 
5 6 9091 9106 9104 9002 173 2414
5 6 2414 2797 3108 118 9053 8986
5 11 8986 1772 8846 2630 9070 1626 3015 9095 9097 9102 449
5 6 8756 8768 3351 8773 8775 3886 
5 11 3886 3870 9134 2213 3245 9135 8902 1375 1622 1695 3899 
5 5 3899 2789 8910 7159 3890 
5 6 3890 6009 2801 8932 8931 8928 
5 7 8773 8761 8794 8785 7338 8866 3041 
5 6 3041 9122 9124 9030 9029 9075 
5 10 9075 3831 9007 441 9005 1485 484 8894 9094 9091 
5 7 1695 1622 2053 3399 8854 7172 3928 
5 8 3113 2877 3508 8960 3105 2975 5833 3945 
5 10 3945 5199 586 8964 9159 9162 8865 8869 4226 8950 
5 4 8950 8878 3932 572
5 3 2975 3930 586
5 5 2877 9142 9147 9150 9174
5 6 12560 2368 3967 2367 9141 2877
5 7 9174 9175 9177 3996 9182 9189 9191 
5 9 6009 2801 8922 887 9082 8996 8993 3853 8997 
5 5 885 8777 8814 2558 1209 
5 6 8901 8806 8843 4657 8841 8850 
5 14 4756 1994 5860 5289 5339 4853 36 6646 7376 6100 6198 5343 5389 349 
5 4 1271 7375 5343 6198 
5 4 1271 7262 6895 349 
5 6 1271 6192 5103 1558 5618 7426 
5 2 6198 5149 
5 5 349 6947 6935 5805 6916 
5 2 6916 5912 
5 5 6916 4400 4835 7369 554 
5 8 349 5471 339 5631 4199 5351 5567 983 
5 3 5567 4368 4278 
5 6 4278 6609 5157 5011 7357 349 
5 2 5157 6980 
5 19 5011 6442 6729 5990 7410 5622 5276 6736 5915 7353 6439 6894 18329 18328 18331 18332 18311 18342 2376 
5 3 2376 18343 7284 
5 10 18342 7282 6541 7258 747 18416 18417 18413 18421 18404 
5 8 18404 18409 3224 18555 278 18566 18565 18569 
5 15 18404 18403 18396 18395 18394 18392 7234 7281 7289 5796 5835 7275 6039 6475 6895 
5 10 18404 18405 18422 18431 18433 18432 18459 18452 18455 18453 
5 3 5182 5907 7056 
5 11 5182 6113 6154 5970 4773 5422 2402 5586 1890 4971 5838 
5 4 5838 5429 6109 4756 
5 12 5838 5309 5991 5357 6976 6168 3548 5132 5580 5021 5781 1538 
5 5 7056 6055 6051 1538 7171 
5 17 7171 5754 7079 3500 7241 3579 7232 4748 7409 6214 18349 18348 18347 18346 18162 18168 18163 
5 17 18156 18163 18164 5007 5124 6560 6348 5591 5820 5993 4610 5904 3632 4646 5897 3361 7344 
5 6 7344 1513 1205 7076 7423 2661 
5 6 7344 4312 6465 5566 5148 15779 
5 12 7344 5568 3627 4538 5539 723 6025 3628 5191 6797 4983 1534 
5 7 1534 7094 4336 2184 7129 6295 15765 
5 9 1534 4797 7084 7106 4918 4614 15919 15918 15917 
5 15 1534 7102 5511 2986 5130 4749 3583 5901 6565 4553 4540 4821 555 2264 18163 
5 12 18156 18157 5441 5588 6507 6612 4968 5947 792 5740 4943 917 
5 6 917 6101 5209 2308 3154 4326 
5 8 3154 6334 5934 4793 4792 7188 3622 4610 
5 11 917 5347 4177 4996 6880 10145 10165 10117 10113 3624 517 
5 2 517 3053
5 2 2411 7426
5 11 3053 11955 11939 5425 6329 6390 6376 1701 4290 6955 565 
5 5 565 2831 4275 6480 10090 
5 16 565 5470 6434 4462 5169 5893 3563 4521 3398 4320 4653 5142 4626 5946 6232 2398 
5 8 2398 7175 6126 3552 7138 7398 5850 7090 
5 6 2398 6066 3557 7176 5801 6234 
5 5 6234 4745 5229 4325 18569 
5 2 1384 4325 
5 14 6234 7356 3556 7228 7117 7144 5951 7395 5022 6149 5942 7167 18158 18157 
5 23 7395 4441 7177 5564 5556 1868 3014 4660 5625 2309 6347 1068 4560 5959 5589 2229 5126 5164 5546 4192 5072 1835 565 
5 6 565 5766 4215 4785 5388 5509 
5 4 5509 6833 5954 11932 
5 9 5509 2686 2916 4313 2513 10108 10085 10119 1350 
5 10 6234 6966 2780 6090 7230 2293 5419 5226 305 2411 
5 19 5838 7162 7161 7000 5752 7130 5327 7182 7388 5905 7180 7153 5914 18359 18357 18356 18355 3580 18346 
5 12 11669 6774 6673 6647 3795 4958 6685 2004 1274 4466 5476 1665 
5 11 1665 5197 11455 3773 11444 11428 11430 11429 11439 11438 11396
5 6 11428 11434 7437 11419 3315 11398
5 6 7437 11425 11423 11421 11410 11416 
5 4 11425 11427 11426 11444 
5 19 11455 11454 6048 5081 2980 6481 5512 4486 624 6448 5480 5053 6839 6161 7387 553 7091 5635 2591 
5 13 11444 11445 11447 5746 5930 1665 5655 5610 6414 4654 6370 6084 2004 
5 2 5655 1665 
5 9 11445 11450 11451 11473 11475 11471 11478 6091 2194 
5 8 2194 7135 4768 3148 5616 11482 11484 11457 
5 3 11396 11399 11398 
5 4 11398 3762 11389 3217 
5 8 11398 11397 11404 11487 643 11408 2635 2015 
5 10 2015 5645 6803 4636 6707 5770 4771 6877 5785 6575 
5 10 5785 6888 818 4344 6028 536 4877 6030 11383 3217 
5 10 6575 2180 183 4369 5888 6883 6865 5524 6820 5057 
5 6 5057 4879 4393 6893 6891 9798 
5 11 4393 5090 6785 1647 6841 4872 4362 5239 5902 18596 1611 
5 2 18596 1611 
5 5 18596 4451 5159 6038 9943 
5 4 9939 9925 9912 9920  
5 3 6575 4629 5829 
5 11 5829 6860 4608 730 5573 5138 4986 2273 4245 4884 5902 
5 17 18596 1611 18598 18607 18611 18620 2054 18612 18616 9924 2043 18613 9946 11927 3633 11963 4326 
5 10 2661 19102 19106 2617 19109 19110 19156 3174 19165 3688 
5 14 3688 19171 19170 5283 4998 6695 6359 6228 6269 5221 6253 6326 6307 6569 
5 5 6569 3731 5278 6652 2015 
5 20 5221 6300 900 5273 4204 784 2546 4683 19066 1943 19065 19080 19079 2300 19074 18701 18708 18723 18805 3701 
5 4 3701 18804 18803 15519 
5 6 3701 18802 18797 2447 15809 2559 
5 11 3701 18806 2204 18810 1434 18809 18693 4914 5989 1736 4902 
5 12 4902 5459 6972 7105 3479 18610 18609 2196 1730 10005 3165 10530 
5 7 9091 9106 6308 97 6315 6416 3074 
5 7 3074 4721 3769 5442 2465 6255 5166 
5 9 6315 4518 4294 6321 6283 4337 6246 3117 5624 
5 2 5624 9645
5 12 3074 5355 3774 2457 5109 3489 3205 6075 4239 6767 4597 5851 
5 9 5851 6435 5896 4799 1649 6495 6271 5333 6575 
5 13 5851 5279 7229 7341 1017 11380 2995 11378 11381 11382 11385 11387 3762 
5 20 11396 11395 11392 11367 3208 11370 11374 2702 11375 18542 2310 18533 3790 18535 18506 2434 18512 18508 18526 7417 
5 6 7417 18515 18514 18513 2106 5851 
5 5 18526 18523 18507 18519 18520 
5 6 7417 6156 4525 6452 3805 9066 
5 9 7417 4269 1603 987 6817 7365 941 5133 8966 
5 14 2694 1366 4910 5356 5046 1114 5705 2220 5304 4824 5611 4434 6397 2025 
5 5 2025 6324 18595 18738 18883 
5 7 18883 1991 18871 18867 1826 16861 1532 
5 12 18883 2827 18870 18961 3081 18847 18842 18841 18839 18835 18832 12131 
5 21 4434 3236 5039 5468 3194 18975 19060 19058 5831 6645 1435 19002 18981 1218 18976 5943 3076 7108 7030 5886 2194 
5 22 18520 609 5783 7124 5846 3076 5517 6284 4762 4578 2477 6225 4307 4698 5729 6167 7279 1199 6873 5280 612 6774 
5 6 11673 4753 5280 6873 6710 3795  
5 7 8756 8757 8801 8798 8797 5911 8806
5 10 885 8786 8817 5685 8816 8752 8753 8754 8756 8757 
5 2 14900 3469
5 4 14166 16671 16672 16673
5 2 15774 15789
5 2 14444 14446
5 3 17048 7354 16662
5 2 17036 17038
5 2 11703 11714
5 2 9731 9814
5 2 14876 2963
5 5 7433 11351 16469 16470 16431 
5 17 2532 13097 13102 13095 12927 12926 3895 12923 12921 12920 12797 12791 12795 12799 12789 1850 12777
5 10 12985 12960 12958 2193 12945 3888 12759 12756 3365 12790
5 2 12790 12789
5 2 12778 12781
5 10 779 491 12655 12683 12679 12680 12784 19347 12782 12777
5 5 12881 12769 12764 12757 12756
5 3 12713 6853 12712
5 3 8287 8288 3357
5 3 8299 8298 8294
5 3 7904 7902 7903
5 2 2657 8031
5 4 3907 12767 12765 12764
5 6 8224 8212 7886 3191 7883 2552 
5 2 9556 9239
5 3 12063 4200 3358
5 2 15476 15490
5 2 14840 14838
5 6 14611 14573 3159 14586 14579 14583
5 3 2979 4904 12704 
5 2 9405 9437 
5 2 9402 9435 
5 2 12773 12782 
5 7 2766 1082 1324 526 13202 2999 13183
5 4 1712 2996 13209 2324
5 2 2245 13188
5 5 13188 13177 13186 13191 13192
5 7 13164 13167 1796 13181 13185 13177 13188
5 2 13186 13187 
5 4 2177 13169 13171 13175
5 8 374 13307 13303 13300 13299 13297 13296 40 
5 2 13304 13300
5 14 13303 13239 13240 2728 13231 13230 13227 1712 13204 2463 13197 13195 1870 2245 
5 3 13231 13233 13235
5 5 2728 13241 13242 13269 1079 
5 14 13265 13266 13257 13223 13222 3018 5262 13220 13217 13214 5219 13179 2245 13183
5 4 1796 13163 13122 13152 
5 3 2580 12835 1167 
5 5 2428 12887 3944 12834 2580 
5 2 995 6761
5 3 12713 4293 1362 
5 2 17567 17563
5 3 13382 13380 2742
5 3 606 19270 19273
5 4 606 19222 19227 7992
5 11 19227 19226 19228 229 19243 19245 19246 19247 19249 2843 2109